v0
2 0 1
0 2 1
0 0 1
0
0
1 0 0 0
0 1 0 -1.65
0 0 1 0.3

v1
2 0 1
0 2 1
0 0 1
0
0
1 0 0 0.2853
0 1 0 -1.65
0 0 1 0.0927

v2
2 0 1
0 2 1
0 0 1
0
0
1 0 0 0.1763
0 1 0 -1.65
0 0 1 -0.2427

v3
2 0 1
0 2 1
0 0 1
0
0
1 0 0 -0.1763
0 1 0 -1.65
0 0 1 -0.2427

v4
2 0 1
0 2 1
0 0 1
0
0
1 0 0 -0.2853
0 1 0 -1.65
0 0 1 0.0927

v5
2 0 1
0 2 1
0 0 1
0
0
1 0 0 0
0 1 0 -1.3902
0 0 1 -0.15

v6
2 0 1
0 2 1
0 0 1
0
0
1 0 0 0
0 1 0 -1.3902
0 0 1 0.15

v7
2 0 1
0 2 1
0 0 1
0
0
1 0 0 0
0 1 0 -1.9098
0 0 1 -0.15

v8
2 0 1
0 2 1
0 0 1
0
0
1 0 0 0
0 1 0 -1.9098
0 0 1 0.15

v9
2 0 1
0 2 1
0 0 1
0
0
1 0 0 0
0 1 0 -1.65
0 0 1 0

i0
2 0 1
0 2 1
0 0 1
0
0
-0.685103 -0.541267 0.487509 -0.016
-0.285058 -0.416667 -0.863209 -1.609
0.670356 -0.730355 0.131168 0.006

i1
2 0 1
0 2 1
0 0 1
0
0
0.699848 0.709189 -0.0852304 -0.059
0.330588 -0.427362 -0.841471 -1.667
-0.633186 0.560725 -0.533538 -0.286

i2
2 0 1
0 2 1
0 0 1
0
0
0.30077 -0.857719 0.41696 -0.217
-0.4706 -0.513747 -0.717356 -1.785
0.829502 0.0195381 -0.558162 0.116

i3
2 0 1
0 2 1
0 0 1
0
0
-0.589789 -0.608459 -0.530968 -0.019
-0.8075 0.43651 0.396741 -1.768
-0.00962756 0.66275 -0.748779 0.063

i4
2 0 1
0 2 1
0 0 1
0
0
0.204729 -0.316442 0.926256 0.144
-0.973112 -0.167839 0.157746 -1.597
0.105545 -0.933646 -0.342295 -0.117

i5
2 0 1
0 2 1
0 0 1
0
0
0.771057 0.626888 0.111722 0.168
-0.0804533 -0.0781374 0.993691 -1.714
0.631663 -0.775181 -0.00981323 -0.221

i6
2 0 1
0 2 1
0 0 1
0
0
-0.911134 -0.412104 -0.00246125 0.214
-0.00276131 0.012077 -0.999923 -1.639
0.412102 -0.911057 -0.0121417 0.132

i7
2 0 1
0 2 1
0 0 1
0
0
-0.985115 -0.135366 0.105951 0.185
-0.114599 0.976567 0.182163 -1.447
-0.128127 0.167309 -0.977543 0.006

i8
2 0 1
0 2 1
0 0 1
0
0
0.440535 0.419759 0.793556 -0.187
-0.705441 0.70857 0.0168139 -1.78
-0.555232 -0.567213 0.608265 -0.123

i9
2 0 1
0 2 1
0 0 1
0
0
0.934671 0.234771 0.266971 -0.065
0.107341 0.529532 -0.841471 -1.639
-0.338923 0.815155 0.469737 0.016

i10
2 0 1
0 2 1
0 0 1
0
0
-0.748222 -0.443214 -0.493686 -0.059
-0.529378 0.847367 0.0415807 -1.608
0.399904 0.292458 -0.868646 0.009

i11
2 0 1
0 2 1
0 0 1
0
0
-0.816627 0.11678 0.565228 -0.082
-0.486924 0.386399 -0.783327 -1.662
-0.30988 -0.914909 -0.258681 -0.151

i12
2 0 1
0 2 1
0 0 1
0
0
-0.259196 -0.489402 -0.832648 -0.063
-0.539424 0.788473 -0.29552 -1.481
0.801149 0.372552 -0.468364 -0.038

i13
2 0 1
0 2 1
0 0 1
0
0
-0.09633 0.813905 -0.572957 -0.093
0.44736 0.54962 0.70554 -1.718
0.889151 -0.188353 -0.417053 0.02

i14
2 0 1
0 2 1
0 0 1
0
0
0.682587 0.705464 0.190775 -0.133
-0.0202359 -0.242702 0.96989 -1.846
0.730524 -0.665895 -0.151389 0.062

