v0
2 0 1
0 2 1
0 0 1
0
0
1 0 0 0
0 1 0 -1.65
0 0 1 0.3

v1
2 0 1
0 2 1
0 0 1
0
0
1 0 0 0.2853
0 1 0 -1.65
0 0 1 0.0927

v2
2 0 1
0 2 1
0 0 1
0
0
1 0 0 0.1763
0 1 0 -1.65
0 0 1 -0.2427

v3
2 0 1
0 2 1
0 0 1
0
0
1 0 0 -0.1763
0 1 0 -1.65
0 0 1 -0.2427

v4
2 0 1
0 2 1
0 0 1
0
0
1 0 0 -0.2853
0 1 0 -1.65
0 0 1 0.0927

v5
2 0 1
0 2 1
0 0 1
0
0
1 0 0 0
0 1 0 -1.3902
0 0 1 -0.15

v6
2 0 1
0 2 1
0 0 1
0
0
1 0 0 0
0 1 0 -1.3902
0 0 1 0.15

v7
2 0 1
0 2 1
0 0 1
0
0
1 0 0 0
0 1 0 -1.9098
0 0 1 -0.15

v8
2 0 1
0 2 1
0 0 1
0
0
1 0 0 0
0 1 0 -1.9098
0 0 1 0.15

v9
2 0 1
0 2 1
0 0 1
0
0
1 0 0 0
0 1 0 -1.65
0 0 1 0

i0
2 0 1
0 2 1
0 0 1
0
0
0.968435 -0.0192552 -0.248523 -0.016
0.0104648 0.999274 -0.0366437 -1.609
0.249048 0.0328863 0.967933 0.006

i1
2 0 1
0 2 1
0 0 1
0
0
0.99608 0.0671664 0.0575553 -0.059
-0.0662638 0.997649 -0.0174524 -1.667
-0.0585922 0.0135702 0.99819 -0.286

i2
2 0 1
0 2 1
0 0 1
0
0
0.998146 0.0424443 0.0436151 -0.217
-0.0418716 0.999025 -0.0139622 -1.785
-0.0441652 0.0121101 0.998951 0.116

i3
2 0 1
0 2 1
0 0 1
0
0
0.981911 0.149746 0.115879 -0.019
-0.175777 0.948406 0.263873 -1.768
-0.0703864 -0.279469 0.957571 0.063

i4
2 0 1
0 2 1
0 0 1
0
0
0.990965 -0.0317345 -0.13031 0.144
0.0243917 0.998044 -0.057564 -1.597
0.131882 0.0538655 0.989801 -0.117

i5
2 0 1
0 2 1
0 0 1
0
0
0.996489 -0.00720299 0.0834083 0.168
0.0139172 0.996682 -0.0801989 -1.714
-0.0825539 0.0810782 0.993283 -0.221

i6
2 0 1
0 2 1
0 0 1
0
0
0.987085 -0.160163 0.00347891 0.214
0.159344 0.983817 0.0819385 -1.639
-0.0165461 -0.0803259 0.996631 0.132

i7
2 0 1
0 2 1
0 0 1
0
0
0.953975 0.135761 0.267397 0.185
-0.110838 0.988141 -0.106264 -1.447
-0.278653 0.0717355 0.957709 0.006

i8
2 0 1
0 2 1
0 0 1
0
0
0.986229 -0.10878 0.124576 -0.187
0.0952669 0.989385 0.109734 -1.78
-0.135191 -0.0963552 0.986123 -0.123

i9
2 0 1
0 2 1
0 0 1
0
0
0.992967 -0.00139967 0.118386 -0.065
0.00349012 0.999842 -0.0174524 -1.639
-0.118343 0.0177428 0.992814 0.016

i10
2 0 1
0 2 1
0 0 1
0
0
0.991309 0.0576886 0.118231 -0.059
-0.0644379 0.996455 0.0540788 -1.608
-0.114692 -0.0612273 0.991512 0.009

i11
2 0 1
0 2 1
0 0 1
0
0
0.999259 0.0162459 0.0348952 -0.082
-0.0157054 0.999753 -0.0157073 -1.662
-0.0351418 0.0151476 0.999268 -0.151

i12
2 0 1
0 2 1
0 0 1
0
0
0.997256 0.0108271 0.0732372 -0.063
-0.0104716 0.999931 -0.00523596 -1.481
-0.0732889 0.00445468 0.997301 -0.038

i13
2 0 1
0 2 1
0 0 1
0
0
0.994853 0.0938492 -0.0382111 -0.093
-0.0971336 0.990646 -0.0958458 -1.718
0.0288586 0.099064 0.994663 0.02

i14
2 0 1
0 2 1
0 0 1
0
0
0.993789 0.110186 -0.0155506 -0.133
-0.106922 0.984233 0.140901 -1.846
0.0308308 -0.138363 0.989902 0.062

