v0
2 0 1
0 2 1
0 0 1
0
0
0.205078 0.438721 0.87491 0.1429
0 -0.893909 0.448248 -1.3872
0.978746 -0.0919257 -0.183321 0.0777

v1
2 0 1
0 2 1
0 0 1
0
0
0.205078 0.978371 0.0270754 -0.2628
0 0.0276634 -0.999617 -1.7277
-0.978746 0.204999 0.00567315 0.1429

v2
2 0 1
0 2 1
0 0 1
0
0
-0.725086 -0.217048 0.65356 -0.0777
0 0.949034 0.315175 -1.7929
-0.688658 0.228529 -0.688131 0.2628

v3
2 0 1
0 2 1
0 0 1
0
0
0.205078 0.978371 -0.0270754 0.2628
0 0.0276634 0.999617 -1.5723
0.978746 -0.204999 0.00567315 0.1429

v4
2 0 1
0 2 1
0 0 1
0
0
0.205078 0.438721 -0.87491 -0.1429
0 -0.893909 -0.448248 -1.9128
-0.978746 0.0919257 -0.183321 0.0777

v5
2 0 1
0 2 1
0 0 1
0
0
-0.725086 -0.217048 -0.65356 0.0777
0 0.949034 -0.315175 -1.5071
0.688658 -0.228529 -0.688131 0.2628

v6
2 0 1
0 2 1
0 0 1
0
0
-0.966885 -0.114398 -0.228136 -0.0777
0 -0.893909 0.448248 -1.3872
-0.255211 0.433404 0.864308 0.1429

v7
2 0 1
0 2 1
0 0 1
0
0
-0.290766 0.301558 0.90803 -0.2628
0 0.949034 -0.315175 -1.5071
-0.956794 -0.0916422 -0.275947 0.0777

v8
2 0 1
0 2 1
0 0 1
0
0
-0.966885 -0.255114 0.00706001 -0.1429
0 0.0276634 0.999617 -1.5723
-0.255211 0.966515 -0.0267473 0.2628

v9
2 0 1
0 2 1
0 0 1
0
0
-0.966885 -0.114398 0.228136 0.0777
0 -0.893909 -0.448248 -1.9128
0.255211 -0.433404 0.864308 0.1429

v10
2 0 1
0 2 1
0 0 1
0
0
-0.290766 0.301558 -0.90803 0.2628
0 0.949034 0.315175 -1.7929
0.956794 0.0916422 -0.275947 0.0777

v11
2 0 1
0 2 1
0 0 1
0
0
-0.966885 -0.255114 -0.00706001 0.1429
0 0.0276634 -0.999617 -1.7277
0.255211 -0.966515 -0.0267473 0.2628

v12
2 0 1
0 2 1
0 0 1
0
0
0.985655 -0.0531922 0.160169 0.0777
0 0.949034 0.315175 -1.7929
-0.16877 -0.310654 0.93542 -0.2628

v13
2 0 1
0 2 1
0 0 1
0
0
0.661394 -0.336203 0.670467 0.1429
0 -0.893909 -0.448248 -1.9128
0.750039 0.296468 -0.591226 -0.0777

v14
2 0 1
0 2 1
0 0 1
0
0
0.661394 -0.749752 -0.0207486 0.2628
0 0.0276634 -0.999617 -1.7277
0.750039 0.661141 0.0182964 -0.1429

v15
2 0 1
0 2 1
0 0 1
0
0
0.661394 -0.336203 -0.670467 -0.1429
0 -0.893909 0.448248 -1.3872
-0.750039 -0.296468 -0.591226 -0.0777

v16
2 0 1
0 2 1
0 0 1
0
0
0.985655 -0.0531922 -0.160169 -0.0777
0 0.949034 -0.315175 -1.5071
0.16877 0.310654 0.93542 -0.2628

v17
2 0 1
0 2 1
0 0 1
0
0
0.661394 -0.749752 0.0207486 -0.2628
0 0.0276634 0.999617 -1.5723
-0.750039 -0.661141 0.0182964 -0.1429

v18
2 0 1
0 2 1
0 0 1
0
0
0.94055 -0.107051 0.322344 -0.2628
0 0.949034 0.315175 -1.7929
-0.339655 -0.296438 0.892614 -0.0777

v19
2 0 1
0 2 1
0 0 1
0
0
0.783105 -0.621651 0.0172036 0.1429
0 0.0276634 0.999617 -1.5723
-0.621889 -0.782806 0.0216634 -0.2628

v20
2 0 1
0 2 1
0 0 1
0
0
0.783105 -0.278761 -0.555912 0.0777
0 -0.893909 0.448248 -1.3872
-0.621889 -0.351025 -0.700025 -0.1429

v21
2 0 1
0 2 1
0 0 1
0
0
0.783105 -0.621651 -0.0172036 -0.1429
0 0.0276634 -0.999617 -1.7277
0.621889 0.782806 0.0216634 -0.2628

v22
2 0 1
0 2 1
0 0 1
0
0
0.783105 -0.278761 0.555912 -0.0777
0 -0.893909 -0.448248 -1.9128
0.621889 0.351025 -0.700025 -0.1429

v23
2 0 1
0 2 1
0 0 1
0
0
0.94055 -0.107051 -0.322344 0.2628
0 0.949034 -0.315175 -1.5071
0.339655 0.296438 0.892614 -0.0777

i0
2 0 1
0 2 1
0 0 1
0
0
-0.416296 0.0754487 0.906093 0.114
-0.861402 -0.35168 -0.366479 -1.756
0.291005 -0.933075 0.211395 -0.134

i1
2 0 1
0 2 1
0 0 1
0
0
-0.893248 -0.427556 -0.13894 -0.172
0.396127 -0.894681 0.206467 -1.747
-0.212583 0.129389 0.968539 -0.045

i2
2 0 1
0 2 1
0 0 1
0
0
-0.575452 0.111242 -0.810234 -0.089
-0.805976 0.0909661 0.584917 -1.871
0.138771 0.989621 0.037312 0.166

i3
2 0 1
0 2 1
0 0 1
0
0
0.790411 -0.543995 0.281637 0.007
-0.360072 -0.0406393 0.932039 -1.635
-0.495579 -0.838104 -0.227999 0.096

i4
2 0 1
0 2 1
0 0 1
0
0
-0.677076 0.72854 -0.103908 0.228
-0.439769 -0.287344 0.850904 -1.816
0.59006 0.621822 0.514943 -0.042

i5
2 0 1
0 2 1
0 0 1
0
0
0.847902 0.348176 0.399795 0.139
0.381401 0.123179 -0.916166 -1.862
-0.368233 0.929301 -0.0283514 -0.019

i6
2 0 1
0 2 1
0 0 1
0
0
0.608076 -0.193722 -0.76988 -0.086
0.738322 -0.218405 0.638107 -1.71
-0.291761 -0.956437 0.0102224 -0.09

i7
2 0 1
0 2 1
0 0 1
0
0
0.391102 0.596666 -0.700735 0.041
-0.300582 0.802439 0.515501 -1.779
0.869879 0.00901474 0.493183 0.097

i8
2 0 1
0 2 1
0 0 1
0
0
-0.990665 -0.0249927 -0.134008 0.096
-0.135995 0.248937 0.958924 -1.647
0.00939347 0.968197 -0.250012 -0.076

i9
2 0 1
0 2 1
0 0 1
0
0
0.421173 0.899438 -0.116726 0.275
0.0238526 0.117669 0.992766 -1.558
0.906667 -0.42091 0.0281049 0.055

i10
2 0 1
0 2 1
0 0 1
0
0
-0.578747 0.812873 -0.0654915 0.045
0.798374 0.581133 0.157746 -1.608
0.166287 0.0390081 -0.985306 -0.026

i11
2 0 1
0 2 1
0 0 1
0
0
-0.142881 0.716564 -0.68273 -0.119
0.75408 -0.367973 -0.544021 -1.629
-0.641052 -0.592564 -0.487771 -0.013

i12
2 0 1
0 2 1
0 0 1
0
0
0.864707 -0.428856 -0.261465 -0.064
-0.0230513 -0.553895 0.832267 -1.864
-0.501747 -0.713641 -0.488843 0.041

i13
2 0 1
0 2 1
0 0 1
0
0
0.45533 -0.804199 -0.382019 -0.012
-0.820893 -0.213093 -0.529836 -1.698
0.344688 0.554847 -0.757189 0.056

i14
2 0 1
0 2 1
0 0 1
0
0
-0.992916 -0.110197 -0.0444404 0.09
0.0523657 -0.0700993 -0.996165 -1.914
0.106659 -0.991435 0.0753732 -0.105

i15
2 0 1
0 2 1
0 0 1
0
0
-0.569222 0.783274 0.249935 -0.267
-0.174179 -0.411972 0.894394 -1.587
0.803522 0.465576 0.370933 0.108

i16
2 0 1
0 2 1
0 0 1
0
0
-0.512398 -0.15427 -0.844777 -0.133
0.198331 -0.978395 0.0583741 -1.803
-0.835532 -0.137634 0.531924 0.131

i17
2 0 1
0 2 1
0 0 1
0
0
0.310691 0.946734 -0.0846491 0.054
0.118895 0.0496487 0.991665 -1.464
0.943046 -0.318165 -0.0971362 -0.224

i18
2 0 1
0 2 1
0 0 1
0
0
0.753305 -0.657669 0.00174592 -0.021
0.0152358 0.0147972 -0.999774 -1.732
0.657495 0.753162 0.0211669 -0.265

i19
2 0 1
0 2 1
0 0 1
0
0
-0.715799 -0.367767 0.593615 -0.177
0.0280656 0.834241 0.550686 -1.445
-0.697742 0.41084 -0.586827 0.036

