v0
2 0 1
0 2 1
0 0 1
0
0
0.477656 -0.569122 0.669287 0.1429
0 0.761811 0.6478 -1.3872
-0.878547 -0.309425 0.363883 0.0777

v1
2 0 1
0 2 1
0 0 1
0
0
0.477656 -0.214169 -0.852043 -0.2628
0 0.969832 -0.243776 -1.7277
0.878547 0.116441 0.463246 0.1429

v2
2 0 1
0 2 1
0 0 1
0
0
0.95898 -0.118958 -0.257305 -0.0777
0 0.907689 -0.419644 -1.7929
0.283473 0.40243 0.870456 0.2628

v3
2 0 1
0 2 1
0 0 1
0
0
0.477656 -0.214169 0.852043 0.2628
0 0.969832 0.243776 -1.5723
-0.878547 -0.116441 0.463246 0.1429

v4
2 0 1
0 2 1
0 0 1
0
0
0.477656 -0.569122 -0.669287 -0.1429
0 0.761811 -0.6478 -1.9128
0.878547 0.309425 0.363883 0.0777

v5
2 0 1
0 2 1
0 0 1
0
0
0.95898 -0.118958 0.257305 0.0777
0 0.907689 0.419644 -1.5071
-0.283473 -0.40243 0.870456 0.2628

v6
2 0 1
0 2 1
0 0 1
0
0
0.878547 0.309425 -0.363883 -0.0777
0 0.761811 0.6478 -1.3872
0.477656 -0.569122 0.669287 0.1429

v7
2 0 1
0 2 1
0 0 1
0
0
0.283473 0.40243 -0.870456 -0.2628
0 0.907689 0.419644 -1.5071
0.95898 -0.118958 0.257305 0.0777

v8
2 0 1
0 2 1
0 0 1
0
0
0.878547 0.116441 -0.463246 -0.1429
0 0.969832 0.243776 -1.5723
0.477656 -0.214169 0.852043 0.2628

v9
2 0 1
0 2 1
0 0 1
0
0
0.878547 0.309425 0.363883 0.0777
0 0.761811 -0.6478 -1.9128
-0.477656 0.569122 0.669287 0.1429

v10
2 0 1
0 2 1
0 0 1
0
0
0.283473 0.40243 0.870456 0.2628
0 0.907689 -0.419644 -1.7929
-0.95898 0.118958 0.257305 0.0777

v11
2 0 1
0 2 1
0 0 1
0
0
0.878547 0.116441 0.463246 0.1429
0 0.969832 -0.243776 -1.7277
-0.477656 0.214169 0.852043 0.2628

v12
2 0 1
0 2 1
0 0 1
0
0
-0.95898 0.118958 0.257305 0.0777
0 0.907689 -0.419644 -1.7929
-0.283473 -0.40243 -0.870456 -0.2628

v13
2 0 1
0 2 1
0 0 1
0
0
-0.477656 0.569122 0.669287 0.1429
0 0.761811 -0.6478 -1.9128
-0.878547 -0.309425 -0.363883 -0.0777

v14
2 0 1
0 2 1
0 0 1
0
0
-0.477656 0.214169 0.852043 0.2628
0 0.969832 -0.243776 -1.7277
-0.878547 -0.116441 -0.463246 -0.1429

v15
2 0 1
0 2 1
0 0 1
0
0
-0.477656 0.569122 -0.669287 -0.1429
0 0.761811 0.6478 -1.3872
0.878547 0.309425 -0.363883 -0.0777

v16
2 0 1
0 2 1
0 0 1
0
0
-0.95898 0.118958 -0.257305 -0.0777
0 0.907689 0.419644 -1.5071
0.283473 0.40243 -0.870456 -0.2628

v17
2 0 1
0 2 1
0 0 1
0
0
-0.477656 0.214169 -0.852043 -0.2628
0 0.969832 0.243776 -1.5723
0.878547 0.116441 -0.463246 -0.1429

v18
2 0 1
0 2 1
0 0 1
0
0
-0.283473 -0.40243 -0.870456 -0.2628
0 0.907689 -0.419644 -1.7929
0.95898 -0.118958 -0.257305 -0.0777

v19
2 0 1
0 2 1
0 0 1
0
0
-0.878547 -0.116441 0.463246 0.1429
0 0.969832 0.243776 -1.5723
-0.477656 0.214169 -0.852043 -0.2628

v20
2 0 1
0 2 1
0 0 1
0
0
-0.878547 -0.309425 0.363883 0.0777
0 0.761811 0.6478 -1.3872
-0.477656 0.569122 -0.669287 -0.1429

v21
2 0 1
0 2 1
0 0 1
0
0
-0.878547 -0.116441 -0.463246 -0.1429
0 0.969832 -0.243776 -1.7277
0.477656 -0.214169 -0.852043 -0.2628

v22
2 0 1
0 2 1
0 0 1
0
0
-0.878547 -0.309425 -0.363883 -0.0777
0 0.761811 -0.6478 -1.9128
0.477656 -0.569122 -0.669287 -0.1429

v23
2 0 1
0 2 1
0 0 1
0
0
-0.283473 -0.40243 0.870456 0.2628
0 0.907689 0.419644 -1.5071
-0.95898 0.118958 -0.257305 -0.0777

i0
2 0 1
0 2 1
0 0 1
0
0
0.995074 0.0941757 -0.0309524 0.114
-0.0875971 0.981507 0.170209 -1.756
0.0464096 -0.16666 0.984922 -0.134

i1
2 0 1
0 2 1
0 0 1
0
0
0.79878 0.247015 -0.548575 -0.172
-0.112427 0.957049 0.267238 -1.747
0.591025 -0.15179 0.792243 -0.045

i2
2 0 1
0 2 1
0 0 1
0
0
0.989005 0.0584785 0.135827 -0.089
-0.0792549 0.985045 0.152986 -1.871
-0.124849 -0.162069 0.97885 0.166

i3
2 0 1
0 2 1
0 0 1
0
0
0.514922 -0.0594009 0.855177 0.007
0.0801813 0.99656 0.0209424 -1.635
-0.853479 0.0577855 0.517913 0.096

i4
2 0 1
0 2 1
0 0 1
0
0
0.636195 -0.640282 0.430459 0.228
0.203195 0.677283 0.707107 -1.816
-0.74429 -0.362391 0.560986 -0.042

i5
2 0 1
0 2 1
0 0 1
0
0
0.996862 -0.0747358 -0.0261033 0.139
0.0765031 0.994246 0.0749787 -1.862
0.0203495 -0.0767404 0.996843 -0.019

i6
2 0 1
0 2 1
0 0 1
0
0
0.848881 0.0800941 0.52248 -0.086
0.0836097 0.955663 -0.282341 -1.71
-0.521929 0.283359 0.804548 -0.09

i7
2 0 1
0 2 1
0 0 1
0
0
0.8329 0.025792 0.552822 0.041
-0.0609857 0.997107 0.045363 -1.779
-0.550053 -0.0714971 0.832064 0.097

i8
2 0 1
0 2 1
0 0 1
0
0
0.960045 0.0326948 0.277929 0.096
-0.00869333 0.996157 -0.0871557 -1.647
-0.279711 0.0812573 0.956639 -0.076

i9
2 0 1
0 2 1
0 0 1
0
0
0.622093 0.269721 -0.735017 0.275
0.00327384 0.937883 0.346936 -1.558
0.782936 -0.218233 0.582568 0.055

i10
2 0 1
0 2 1
0 0 1
0
0
0.976055 0.0250279 -0.216081 0.045
-0.0383242 0.997606 -0.057564 -1.608
0.214123 0.0644667 0.974677 -0.026

i11
2 0 1
0 2 1
0 0 1
0
0
0.94062 0.06285 0.333592 -0.119
-0.126839 0.976605 0.173648 -1.629
-0.314874 -0.205649 0.926587 -0.013

i12
2 0 1
0 2 1
0 0 1
0
0
0.930887 0.0165115 -0.364934 -0.064
-0.0538476 0.994268 -0.0923706 -1.864
0.361317 0.105637 0.92644 0.041

i13
2 0 1
0 2 1
0 0 1
0
0
0.890223 -0.146912 0.431185 -0.012
0.131981 0.989149 0.0645323 -1.698
-0.435987 -0.000540001 0.899953 0.056

i14
2 0 1
0 2 1
0 0 1
0
0
0.906851 -0.0744606 0.414821 0.09
0.0434664 0.995544 0.0836778 -1.914
-0.419203 -0.0578526 0.906047 -0.105

i15
2 0 1
0 2 1
0 0 1
0
0
0.583302 -0.644201 0.494736 -0.267
0.00426923 0.611512 0.791224 -1.587
-0.812244 -0.45941 0.359447 0.108

i16
2 0 1
0 2 1
0 0 1
0
0
0.920575 -0.0185979 -0.390122 -0.133
-0.00348521 0.998435 -0.0558215 -1.803
0.390549 0.0527476 0.91907 0.131

i17
2 0 1
0 2 1
0 0 1
0
0
0.974944 -0.186134 0.121816 0.054
0.18387 0.982503 0.0296662 -1.464
-0.125206 -0.00652462 0.992109 -0.224

i18
2 0 1
0 2 1
0 0 1
0
0
0.72336 0.19612 -0.662033 -0.021
0.0133305 0.954668 0.297375 -1.732
0.690343 -0.223934 0.687954 -0.265

i19
2 0 1
0 2 1
0 0 1
0
0
0.917705 -0.168329 0.359837 -0.177
0.217065 0.971091 -0.0993197 -1.445
-0.332716 0.169254 0.927714 0.036

