v0
2 0 1
0 2 1
0 0 1
0
0
0.477656 -0.569122 0.669287 0.1429
0 0.761811 0.6478 -1.3872
-0.878547 -0.309425 0.363883 0.0777

v1
2 0 1
0 2 1
0 0 1
0
0
0.477656 -0.214169 -0.852043 -0.2628
0 0.969832 -0.243776 -1.7277
0.878547 0.116441 0.463246 0.1429

v2
2 0 1
0 2 1
0 0 1
0
0
0.95898 -0.118958 -0.257305 -0.0777
0 0.907689 -0.419644 -1.7929
0.283473 0.40243 0.870456 0.2628

v3
2 0 1
0 2 1
0 0 1
0
0
0.477656 -0.214169 0.852043 0.2628
0 0.969832 0.243776 -1.5723
-0.878547 -0.116441 0.463246 0.1429

v4
2 0 1
0 2 1
0 0 1
0
0
0.477656 -0.569122 -0.669287 -0.1429
0 0.761811 -0.6478 -1.9128
0.878547 0.309425 0.363883 0.0777

v5
2 0 1
0 2 1
0 0 1
0
0
0.95898 -0.118958 0.257305 0.0777
0 0.907689 0.419644 -1.5071
-0.283473 -0.40243 0.870456 0.2628

v6
2 0 1
0 2 1
0 0 1
0
0
0.878547 0.309425 -0.363883 -0.0777
0 0.761811 0.6478 -1.3872
0.477656 -0.569122 0.669287 0.1429

v7
2 0 1
0 2 1
0 0 1
0
0
0.283473 0.40243 -0.870456 -0.2628
0 0.907689 0.419644 -1.5071
0.95898 -0.118958 0.257305 0.0777

v8
2 0 1
0 2 1
0 0 1
0
0
0.878547 0.116441 -0.463246 -0.1429
0 0.969832 0.243776 -1.5723
0.477656 -0.214169 0.852043 0.2628

v9
2 0 1
0 2 1
0 0 1
0
0
0.878547 0.309425 0.363883 0.0777
0 0.761811 -0.6478 -1.9128
-0.477656 0.569122 0.669287 0.1429

v10
2 0 1
0 2 1
0 0 1
0
0
0.283473 0.40243 0.870456 0.2628
0 0.907689 -0.419644 -1.7929
-0.95898 0.118958 0.257305 0.0777

v11
2 0 1
0 2 1
0 0 1
0
0
0.878547 0.116441 0.463246 0.1429
0 0.969832 -0.243776 -1.7277
-0.477656 0.214169 0.852043 0.2628

v12
2 0 1
0 2 1
0 0 1
0
0
-0.95898 0.118958 0.257305 0.0777
0 0.907689 -0.419644 -1.7929
-0.283473 -0.40243 -0.870456 -0.2628

v13
2 0 1
0 2 1
0 0 1
0
0
-0.477656 0.569122 0.669287 0.1429
0 0.761811 -0.6478 -1.9128
-0.878547 -0.309425 -0.363883 -0.0777

v14
2 0 1
0 2 1
0 0 1
0
0
-0.477656 0.214169 0.852043 0.2628
0 0.969832 -0.243776 -1.7277
-0.878547 -0.116441 -0.463246 -0.1429

v15
2 0 1
0 2 1
0 0 1
0
0
-0.477656 0.569122 -0.669287 -0.1429
0 0.761811 0.6478 -1.3872
0.878547 0.309425 -0.363883 -0.0777

v16
2 0 1
0 2 1
0 0 1
0
0
-0.95898 0.118958 -0.257305 -0.0777
0 0.907689 0.419644 -1.5071
0.283473 0.40243 -0.870456 -0.2628

v17
2 0 1
0 2 1
0 0 1
0
0
-0.477656 0.214169 -0.852043 -0.2628
0 0.969832 0.243776 -1.5723
0.878547 0.116441 -0.463246 -0.1429

v18
2 0 1
0 2 1
0 0 1
0
0
-0.283473 -0.40243 -0.870456 -0.2628
0 0.907689 -0.419644 -1.7929
0.95898 -0.118958 -0.257305 -0.0777

v19
2 0 1
0 2 1
0 0 1
0
0
-0.878547 -0.116441 0.463246 0.1429
0 0.969832 0.243776 -1.5723
-0.477656 0.214169 -0.852043 -0.2628

v20
2 0 1
0 2 1
0 0 1
0
0
-0.878547 -0.309425 0.363883 0.0777
0 0.761811 0.6478 -1.3872
-0.477656 0.569122 -0.669287 -0.1429

v21
2 0 1
0 2 1
0 0 1
0
0
-0.878547 -0.116441 -0.463246 -0.1429
0 0.969832 -0.243776 -1.7277
0.477656 -0.214169 -0.852043 -0.2628

v22
2 0 1
0 2 1
0 0 1
0
0
-0.878547 -0.309425 -0.363883 -0.0777
0 0.761811 -0.6478 -1.9128
0.477656 -0.569122 -0.669287 -0.1429

v23
2 0 1
0 2 1
0 0 1
0
0
-0.283473 -0.40243 0.870456 0.2628
0 0.907689 0.419644 -1.5071
-0.95898 0.118958 -0.257305 -0.0777

