v0
2 0 1
0 2 1
0 0 1
0
0
0.205078 0.438721 0.87491 0.1429
0 -0.893909 0.448248 -1.3872
0.978746 -0.0919257 -0.183321 0.0777

v1
2 0 1
0 2 1
0 0 1
0
0
0.205078 0.978371 0.0270754 -0.2628
0 0.0276634 -0.999617 -1.7277
-0.978746 0.204999 0.00567315 0.1429

v2
2 0 1
0 2 1
0 0 1
0
0
-0.725086 -0.217048 0.65356 -0.0777
0 0.949034 0.315175 -1.7929
-0.688658 0.228529 -0.688131 0.2628

v3
2 0 1
0 2 1
0 0 1
0
0
0.205078 0.978371 -0.0270754 0.2628
0 0.0276634 0.999617 -1.5723
0.978746 -0.204999 0.00567315 0.1429

v4
2 0 1
0 2 1
0 0 1
0
0
0.205078 0.438721 -0.87491 -0.1429
0 -0.893909 -0.448248 -1.9128
-0.978746 0.0919257 -0.183321 0.0777

v5
2 0 1
0 2 1
0 0 1
0
0
-0.725086 -0.217048 -0.65356 0.0777
0 0.949034 -0.315175 -1.5071
0.688658 -0.228529 -0.688131 0.2628

v6
2 0 1
0 2 1
0 0 1
0
0
-0.966885 -0.114398 -0.228136 -0.0777
0 -0.893909 0.448248 -1.3872
-0.255211 0.433404 0.864308 0.1429

v7
2 0 1
0 2 1
0 0 1
0
0
-0.290766 0.301558 0.90803 -0.2628
0 0.949034 -0.315175 -1.5071
-0.956794 -0.0916422 -0.275947 0.0777

v8
2 0 1
0 2 1
0 0 1
0
0
-0.966885 -0.255114 0.00706001 -0.1429
0 0.0276634 0.999617 -1.5723
-0.255211 0.966515 -0.0267473 0.2628

v9
2 0 1
0 2 1
0 0 1
0
0
-0.966885 -0.114398 0.228136 0.0777
0 -0.893909 -0.448248 -1.9128
0.255211 -0.433404 0.864308 0.1429

v10
2 0 1
0 2 1
0 0 1
0
0
-0.290766 0.301558 -0.90803 0.2628
0 0.949034 0.315175 -1.7929
0.956794 0.0916422 -0.275947 0.0777

v11
2 0 1
0 2 1
0 0 1
0
0
-0.966885 -0.255114 -0.00706001 0.1429
0 0.0276634 -0.999617 -1.7277
0.255211 -0.966515 -0.0267473 0.2628

v12
2 0 1
0 2 1
0 0 1
0
0
0.985655 -0.0531922 0.160169 0.0777
0 0.949034 0.315175 -1.7929
-0.16877 -0.310654 0.93542 -0.2628

v13
2 0 1
0 2 1
0 0 1
0
0
0.661394 -0.336203 0.670467 0.1429
0 -0.893909 -0.448248 -1.9128
0.750039 0.296468 -0.591226 -0.0777

v14
2 0 1
0 2 1
0 0 1
0
0
0.661394 -0.749752 -0.0207486 0.2628
0 0.0276634 -0.999617 -1.7277
0.750039 0.661141 0.0182964 -0.1429

v15
2 0 1
0 2 1
0 0 1
0
0
0.661394 -0.336203 -0.670467 -0.1429
0 -0.893909 0.448248 -1.3872
-0.750039 -0.296468 -0.591226 -0.0777

v16
2 0 1
0 2 1
0 0 1
0
0
0.985655 -0.0531922 -0.160169 -0.0777
0 0.949034 -0.315175 -1.5071
0.16877 0.310654 0.93542 -0.2628

v17
2 0 1
0 2 1
0 0 1
0
0
0.661394 -0.749752 0.0207486 -0.2628
0 0.0276634 0.999617 -1.5723
-0.750039 -0.661141 0.0182964 -0.1429

v18
2 0 1
0 2 1
0 0 1
0
0
0.94055 -0.107051 0.322344 -0.2628
0 0.949034 0.315175 -1.7929
-0.339655 -0.296438 0.892614 -0.0777

v19
2 0 1
0 2 1
0 0 1
0
0
0.783105 -0.621651 0.0172036 0.1429
0 0.0276634 0.999617 -1.5723
-0.621889 -0.782806 0.0216634 -0.2628

v20
2 0 1
0 2 1
0 0 1
0
0
0.783105 -0.278761 -0.555912 0.0777
0 -0.893909 0.448248 -1.3872
-0.621889 -0.351025 -0.700025 -0.1429

v21
2 0 1
0 2 1
0 0 1
0
0
0.783105 -0.621651 -0.0172036 -0.1429
0 0.0276634 -0.999617 -1.7277
0.621889 0.782806 0.0216634 -0.2628

v22
2 0 1
0 2 1
0 0 1
0
0
0.783105 -0.278761 0.555912 -0.0777
0 -0.893909 -0.448248 -1.9128
0.621889 0.351025 -0.700025 -0.1429

v23
2 0 1
0 2 1
0 0 1
0
0
0.94055 -0.107051 -0.322344 0.2628
0 0.949034 -0.315175 -1.5071
0.339655 0.296438 0.892614 -0.0777

